   2.0000000e+00   2.6432862e-01   7.3404163e-01   3.8466038e-01  -7.8694410e-01  -1.1800086e+00  -6.1164683e-01
   2.0000000e+00  -2.6452735e-01  -1.4838242e+00  -3.1769779e-01  -1.8408873e+00   1.0706797e+00  -1.8130676e-01
   2.0000000e+00  -8.2799419e-01  -1.3357251e+00  -2.1875840e-02  -3.9632759e-01   1.5601160e+00   1.4283239e+00
   1.0000000e+00   1.1264651e+00   2.7745426e-01   5.0730676e-01  -6.7846719e-01   7.5886418e-01   1.8354523e-01
   2.0000000e+00   2.9976352e-02  -2.4481815e-01   4.7625792e-01  -1.0493926e+00  -2.1836915e-01  -1.4487854e+00
   2.0000000e+00   6.0283622e-01  -1.8741895e-01   5.0385364e-02   1.6759644e-01  -8.2122971e-01  -1.8307385e+00
   1.0000000e+00  -4.6308704e-01  -3.3885904e-01  -3.1554662e-01  -2.4220053e-02  -8.6196639e-01   2.8440222e-01
   2.0000000e+00  -6.0327600e-01   6.0211376e-04  -1.0852468e+00  -1.3598810e+00  -9.5678238e-01   1.5404816e+00
   2.0000000e+00  -1.0918121e+00   1.0099014e+00   1.7364657e+00   2.1641161e+00  -3.0007809e-02  -6.7196560e-01
   2.0000000e+00   1.5060115e-01  -4.9491251e-01   2.5481500e+00  -1.5875413e+00   1.3956278e+00  -6.3733354e-01
   2.0000000e+00  -1.1848103e-01  -1.1341248e+00  -6.2636962e-02   2.6036371e+00  -9.3769072e-01  -4.2261886e-01
   2.0000000e+00  -2.6162634e-01   1.4312923e+00   7.2041161e-03   2.7099355e-01  -3.8224349e-02   1.0457373e-01
   2.0000000e+00   6.3315000e-01   9.6565118e-01  -1.0559226e+00   2.3686425e+00  -6.3152708e-01   4.5334661e-01
   2.0000000e+00  -1.5426590e+00  -2.5560257e+00   7.9267849e-02   1.7127050e+00   4.9834410e-01  -9.0571639e-01
   2.0000000e+00   4.5254902e-01   1.1945149e+00   1.2816966e-02  -1.3677209e-01   3.0450946e+00   4.3491344e-02
   2.0000000e+00   1.4829428e+00  -2.6194916e-01   9.2245978e-02   1.4245291e+00  -3.9388960e-01   1.0576871e+00
   2.0000000e+00  -1.0040835e+00   7.1162423e-01  -1.5933916e+00  -1.1404890e+00  -1.7929841e+00  -4.3125407e-01
   2.0000000e+00   1.1249656e+00   9.4103397e-01  -1.8302393e-01  -8.3731953e-01  -8.8205907e-01   1.7914949e+00
   2.0000000e+00  -2.0080627e+00   7.3485282e-01   2.1061020e-01  -1.7288606e+00  -9.8824172e-01   1.7240768e+00
   2.0000000e+00  -3.8663513e-01  -1.4281975e+00   7.2973478e-01   2.7454705e-01  -1.0483798e+00  -7.2437463e-01